function con0 = getInitialConcentrations()

    con0 = nan(4, 1);
    con0(:, 1) = [  0.7228837;   1.8050405;   0.6843905;   0.5741833];

 end