function yMeasure = getMeasuredData()

yMeasure = nan(1, 50 , 2);
yMeasure(1, 1, :) = [0.68061     0.47325];
yMeasure(1, 2, :) = [0.39446     0.63586];
yMeasure(1, 3, :) = [0.23726     0.70904];
yMeasure(1, 4, :) = [0.18136     0.68971];
yMeasure(1, 5, :) = [0.10537     0.79485];
yMeasure(1, 6, :) = [0.10831     0.91346];
yMeasure(1, 7, :) = [0.013171     0.93234];
yMeasure(1, 8, :) = [0.080736     0.91298];
yMeasure(1, 9, :) = [-0.04457      1.0646];
yMeasure(1, 10, :) = [0.068192      1.1305];
yMeasure(1, 11, :) = [0.0078464      1.1702];
yMeasure(1, 12, :) = [0.02525      1.2365];
yMeasure(1, 13, :) = [-0.083595      1.2809];
yMeasure(1, 14, :) = [-0.050518      1.3671];
yMeasure(1, 15, :) = [0.07041      1.2894];
yMeasure(1, 16, :) = [0.11202      1.2899];
yMeasure(1, 17, :) = [-0.0041188      1.4551];
yMeasure(1, 18, :) = [0.039025      1.4309];
yMeasure(1, 19, :) = [0.097203      1.4175];
yMeasure(1, 20, :) = [0.096201      1.5629];
yMeasure(1, 21, :) = [-0.086297      1.5092];
yMeasure(1, 22, :) = [-0.046101      1.6052];
yMeasure(1, 23, :) = [-0.014874      1.6031];
yMeasure(1, 24, :) = [0.075685      1.6795];
yMeasure(1, 25, :) = [-0.063193      1.6504];
yMeasure(1, 26, :) = [-0.009782      1.6802];
yMeasure(1, 27, :) = [0.068066      1.6354];
yMeasure(1, 28, :) = [0.0075301      1.6544];
yMeasure(1, 29, :) = [0.026523      1.7811];
yMeasure(1, 30, :) = [-0.012402      1.6985];
yMeasure(1, 31, :) = [0.042898      1.7387];
yMeasure(1, 32, :) = [0.0497      1.6622];
yMeasure(1, 33, :) = [-0.021474      1.7859];
yMeasure(1, 34, :) = [0.092742      1.7623];
yMeasure(1, 35, :) = [0.032247      1.8016];
yMeasure(1, 36, :) = [-0.029234      1.7783];
yMeasure(1, 37, :) = [0.032576      1.7461];
yMeasure(1, 38, :) = [-0.024489      1.8937];
yMeasure(1, 39, :) = [-0.0056074      1.8272];
yMeasure(1, 40, :) = [0.032635       1.723];
yMeasure(1, 41, :) = [-0.050297      1.8448];
yMeasure(1, 42, :) = [-0.015463      1.8123];
yMeasure(1, 43, :) = [-0.056847      1.8491];
yMeasure(1, 44, :) = [-0.032644      1.9292];
yMeasure(1, 45, :) = [0.047863      1.8392];
yMeasure(1, 46, :) = [-0.072608      1.9503];
yMeasure(1, 47, :) = [-0.026499      1.8895];
yMeasure(1, 48, :) = [-8.6144e-05      1.8213];
yMeasure(1, 49, :) = [-0.072541      1.9772];
yMeasure(1, 50, :) = [0.01416      1.9162];

 end